	RE.048	RE.056	RE.064	RE.072	RE.080	RE.088	RE.096	RE.049	RE.065	RE.073	RE.081	RE.089	RE.097	RE.058	RE.074	RE.082	RE.090	RE.098	RE.051	RE.059	RE.075	RE.083	RE.091	RE.099	RE.052	RE.068	RE.076	RE.084	RE.092	RE.053	RE.077	RE.085	RE.093	RE.054	RE.062	RE.078	RE.086	RE.094	RE.102	RE.047	RE.055	RE.071	RE.079	RE.087	RE.095	RE.002	RE.003	RE.004	RE.005	RE.006	RE.007	RE.008	RE.009	RE.010	RE.011	RE.012	RE.013	RE.014	RE.015	RE.016	RE.017	RE.018	RE.019	RE.020	RE.021	RE.022	RE.023
RE.048	2.33888	0.15377852	-0.0045768386	-0.18073153	-0.1864603	0.27840626	-0.34454665	-0.03245748	0.014689756	-0.24823827	-0.26420468	0.085773274	-0.20797469	0.06809779	-0.04095864	-0.08378622	-0.0028965122	-0.24534889	-0.118811384	0.04474305	-0.006661344	0.1840158	-0.002091646	-0.15198055	0.19456314	0.15748765	0.16234717	-0.2284444	-0.20638186	-0.020805301	0.2638089	0.053620584	-0.13072686	0.2535475	-0.11487727	-0.004814841	-0.21854632	-0.03506501	-0.031716805	0.052321423	-0.23541796	-0.021280387	-0.19398378	-0.20701975	0.17517836	-0.14127313	-0.29827872	-0.37835285	-0.0238994	-0.1934818	0.23631476	-0.16853805	0.0052507836	0.0375137	0.07148438	-0.06805674	0.32919052	-0.09000304	0.16584419	-0.118758485	0.16964224	-0.101903826	-0.11121811	-0.19110897	-9.741205E-4	0.18550925	-0.025355881
RE.056	0.15377852	2.2922938	-0.1446677	0.06119093	-0.04055847	0.26759276	-0.20921868	0.06361174	0.2445922	-0.2832916	-0.2684996	0.012616003	-0.14503762	0.07584535	0.1653826	-0.12936117	-0.09569641	-0.27579278	-0.3289433	-0.0025335127	-0.26500615	0.053747807	0.058219768	-0.31402937	-0.026101304	-0.22901614	0.30969226	-0.15576884	-0.26670784	0.46199453	0.20397824	-0.0121155325	0.013971151	-0.16040568	0.17112249	-0.03091725	0.06835371	-0.2728399	-0.2546268	0.11543322	-0.1350994	0.045138355	-0.123540185	-0.30715808	-0.08527515	-0.11358272	-0.13934976	-0.46499494	-0.2476608	-0.3167308	0.19329531	-0.2631705	0.26654166	0.0971593	0.89458036	0.11589275	0.20476705	-0.2122897	0.27609426	0.021795897	-0.19811666	-0.20573357	0.17022212	-0.32577622	-0.12131142	-0.018495612	0.11051847
RE.064	-0.0045768386	-0.1446677	1.8447183	-0.2753211	0.08924032	-0.041377645	0.02274602	0.19549136	-0.15495646	0.6138706	-0.14100929	-0.038795587	0.08524611	0.05381148	-0.08850833	-0.064565524	0.06784549	0.011294897	-0.0032164329	-0.006380961	-0.0061654397	-0.1151779	-0.017074024	0.106878564	-0.24665363	-0.17903636	-0.12908575	0.30365014	0.0656087	-0.21575913	-0.16798325	-0.1907986	-0.0035534396	-0.12855034	-0.18641725	-0.2877955	-0.08061799	0.26702422	-0.07361256	-0.1397605	0.017570708	-0.14063863	-0.21604832	-0.20512152	-0.08798376	0.1727217	-0.030796692	0.16725424	0.30304524	0.08241473	-0.030366022	0.18968743	-0.11836168	-0.0354011	-0.1982582	-0.22234835	-0.02342366	-0.10333686	0.048062887	-0.0731429	-0.18497801	1.586984E-4	0.10687143	0.04389219	0.15126003	-0.14535661	-0.063385166
RE.072	-0.18073153	0.06119093	-0.2753211	1.8041039	-0.18188795	-0.1817416	-0.084399834	-0.14549007	0.11389016	-0.2922187	-0.048144776	-0.09908397	-0.20632695	-0.25336882	0.03497041	-0.08140426	-0.1719136	-0.070841715	-0.16025157	-0.15899903	0.080560125	-0.14541198	0.041873347	0.107120365	0.2955782	-0.111512184	-0.009968896	-0.08898765	-0.13589102	0.31169593	-0.023873787	0.7165353	-0.07690734	-0.019328754	0.09151684	0.18602729	-0.05738879	-0.17182761	-0.15174694	0.17804849	0.048946615	0.075308666	-0.183983	0.15894333	0.113424376	-0.18948744	-0.17172329	-0.18888739	-0.16828063	-0.018237464	-0.06007111	-0.1321571	0.13573028	-0.027504917	0.17832814	0.10233289	-0.17267701	-0.0859966	-0.15368356	0.051469952	0.30760723	-0.07020582	0.371095	-0.117664985	-0.2606442	0.052330595	-0.03245425
RE.080	-0.1864603	-0.04055847	0.08924032	-0.18188795	2.2230682	-0.15600216	0.22807431	-0.12973608	-0.0649154	0.24594972	0.07049498	-0.07209371	0.42177215	-0.0014609937	-0.039051242	-0.18065149	-0.004731821	0.075546764	-0.05931704	-0.04221796	-0.05670918	-0.052792076	-0.10933279	0.062486783	-0.26285413	-0.19486704	-0.05485928	0.2533806	0.17415163	-0.19340496	-0.16360204	-0.17871147	0.16537638	-0.3893711	-0.103834674	-0.13547666	-0.1852153	0.13634616	-0.018266859	-0.034477264	-0.11344674	-0.23946843	-0.1324491	-0.046418313	-0.08184492	0.09121206	0.107903115	0.40266103	0.12646727	0.17517726	-0.17004986	0.22139223	-0.18232602	-0.19844906	-0.2680051	-0.17722303	-0.04668574	-0.19350027	-0.109351076	-0.07026422	-0.22003707	0.14622444	0.08630802	0.034535494	-0.05242254	-0.020047186	0.07707909
RE.088	0.27840626	0.26759276	-0.041377645	-0.1817416	-0.15600216	2.4372573	-0.156838	-0.025973015	0.10569727	-0.09777579	-0.30381247	0.11704803	-0.36843288	-0.06943675	0.13595922	-0.08343689	0.07097729	-0.24182293	-0.13742228	0.07038788	-0.10564571	0.057678137	0.011338634	-0.22276905	0.006233756	0.0017299736	0.23020461	-0.08997185	-0.33717418	0.15893055	0.36116573	-0.29474273	-0.20547721	-0.17259401	-0.08504536	-0.11418439	0.046538282	-0.10493393	-0.041133657	-0.08334045	0.10151953	0.09742268	-0.098752625	-0.26352936	-0.039512303	-0.014928511	-0.19336401	-0.36871538	-0.06491417	-0.27646282	0.29296023	-0.14162827	0.16276264	-0.048255686	0.1633882	-0.03083518	0.43967873	-0.16108342	0.15631136	-0.12463311	-0.18547331	-0.23253977	0.015154513	-0.21000223	0.3198666	0.07444175	-0.0049379156
RE.096	-0.34454665	-0.20921868	0.02274602	-0.084399834	0.22807431	-0.156838	1.9068193	-0.12812848	-0.11164275	0.16023135	0.22058819	-0.19354299	0.14578189	0.03345375	-0.014900516	-0.18187681	0.25830048	-0.1313081	0.21659732	-0.11162313	-0.077474326	-0.19698969	-0.23553877	0.1727605	-0.21658064	-0.041316643	-0.19162756	0.103146605	-0.069905095	-0.15224446	-0.1942307	-0.0693716	-0.097564004	-0.16935055	0.088884905	-0.11339259	-0.10745767	0.18703665	0.19857915	0.030565944	0.2307459	-0.18910088	0.06113726	0.15161438	-0.07073425	0.0088238865	0.11496974	0.07391216	0.5832511	0.19099422	-0.19649746	-0.078577526	-0.038709953	-0.11876938	-0.1506712	0.016281659	-0.26129794	0.030119702	-0.19879267	0.03886599	-0.21405603	0.23498502	-0.0058787786	-0.1379787	-0.025769018	-0.24563935	-0.17572431
RE.049	-0.03245748	0.06361174	0.19549136	-0.14549007	-0.12973608	-0.025973015	-0.12812848	2.0283256	-0.14612566	0.031421483	-0.31422573	-0.16716366	-0.17101105	0.19008423	-0.077002525	-0.01753003	0.04389044	-0.15743755	-0.18585956	-0.059265215	-0.14712973	0.13354601	-0.0010549917	-0.24840906	0.06633577	0.4653068	0.060553942	-0.07338784	-0.05599714	0.010837904	0.07237051	0.022399828	-0.058761578	0.27009028	-0.12654763	0.12913114	-0.054164458	-0.121892646	0.08284886	-0.25843564	0.011249034	-0.012489209	-0.05686683	-0.274758	-0.025065845	0.02001519	-0.04785047	-0.14225751	-0.16462135	-0.02924528	0.093157366	-0.057862956	-0.16450448	0.16254754	-0.12710977	0.06656327	0.035916112	-0.043131396	0.15093355	-0.22466688	0.07754965	-0.25198668	-0.083211176	-0.10307481	-0.061558615	0.19513357	0.09413724
RE.065	0.014689756	0.2445922	-0.15495646	0.11389016	-0.0649154	0.10569727	-0.11164275	-0.14612566	2.0484626	-0.043456998	-0.037281558	0.018423814	-0.06594799	-0.08979346	-0.14448889	-0.13432059	0.0022775596	-0.29977223	-0.14491482	0.045950595	-0.1874549	0.11680323	-0.040593036	-0.11865583	-0.017569305	0.065061666	0.20522049	0.08542287	-0.04786661	0.20467764	-0.035476338	-0.13978139	-0.09440931	-0.1135391	0.114773795	-0.16148773	0.30056638	-0.08331241	-0.07353166	0.017387295	-0.09291558	-0.049846236	-0.2009849	-0.15902166	-0.07707062	-0.029256713	0.062854454	-0.23689425	-0.06674161	-0.0062190793	0.0050350134	-0.17517579	0.19235608	-0.1117297	0.6959218	-0.23934981	0.059984077	0.15247154	-0.03811895	0.14491914	-0.22473307	-0.24041349	0.08833006	-0.32049817	0.10902169	-0.09021195	-0.30431494
RE.073	-0.24823827	-0.2832916	0.6138706	-0.2922187	0.24594972	-0.09777579	0.16023135	0.031421483	-0.043456998	2.0331562	-0.019138977	-0.1535065	0.5698224	-0.07894245	-0.25628442	-0.022488626	0.26313618	0.005466465	0.06325864	-0.18579704	0.042855695	-0.122805595	-0.022673912	0.012221007	-0.1917309	-0.09000269	-0.21081932	0.34827426	0.27666578	-0.19125336	-0.15358621	-0.20622452	0.16730611	-0.17302847	-0.1277074	-0.25899205	-0.15339875	0.09719759	0.10369555	-0.18877892	-0.12634827	-0.26973936	0.08236011	-0.13718499	-0.12550141	0.09211325	0.10256274	0.44183558	0.46102098	0.1804975	-0.21081814	-0.11405718	-0.17409424	-0.23634636	-0.07198268	-0.16525964	-0.18133831	-0.043882597	-0.16168118	7.097796E-5	-0.21347256	-0.06506682	-0.014673737	0.042290453	0.040553678	-0.15021008	-0.2440346
RE.081	-0.26420468	-0.2684996	-0.14100929	-0.048144776	0.07049498	-0.30381247	0.22058819	-0.31422573	-0.037281558	-0.019138977	1.9438744	-0.14986281	0.16164559	-0.11857561	-0.22157612	0.4383146	-9.6230564E-4	0.045067035	0.2933601	-0.23193789	-0.06390756	0.025340648	-0.1803183	-0.05869708	-0.16749232	0.04521567	-0.2273979	-0.054050446	0.020416457	-0.20291261	-0.23097172	0.042375784	-0.06812801	-0.044589132	0.18631105	-0.14901409	0.17528771	-0.043415077	0.06856472	-0.018599765	-0.04070939	-0.11154091	0.29384023	0.54353565	-0.114521034	-0.08537021	0.92652863	0.0046610045	0.0649777	-0.053867128	-0.2050043	-0.13659921	-0.037121966	-0.21079308	-0.09587384	0.21330777	-0.3791191	0.08814134	-0.27956536	-0.033667024	-0.24573457	0.25459468	-0.024175862	-0.068445034	-0.06993458	-0.32011476	0.014439185
RE.089	0.085773274	0.012616003	-0.038795587	-0.09908397	-0.07209371	0.11704803	-0.19354299	-0.16716366	0.018423814	-0.1535065	-0.14986281	1.8258419	-0.10428894	-0.26517883	-0.018329468	-0.20957197	-0.19664024	-0.12794355	-0.08641106	0.121983804	-0.07474864	-0.06471622	0.03163271	-0.09055203	0.20134994	-0.09935746	0.40391248	-0.050566513	-0.097221896	0.11782558	-0.054584526	-0.20610432	-0.1494059	-0.028703686	0.37991393	-0.094353184	0.018938782	-0.03654628	-0.16653089	-0.11392418	-0.17388345	0.11567383	-0.30016857	-0.020182088	0.009954596	-0.1618043	-0.035540383	-0.14868896	-0.037168603	-0.088916026	0.42508528	-0.122514024	0.15731615	-0.1554505	0.11738048	-0.23411888	0.2717258	0.009633151	-0.120664485	0.29332313	-0.046766147	-0.18348236	0.22200914	-0.12268766	0.04247542	0.16299775	-0.0010704166
RE.097	-0.20797469	-0.14503762	0.08524611	-0.20632695	0.42177215	-0.36843288	0.14578189	-0.17101105	-0.06594799	0.5698224	0.16164559	-0.10428894	2.175753	0.04373446	-0.24073489	-0.27480263	0.09596206	0.12848987	-0.07182974	-0.07218676	0.01745616	-0.23612508	0.030966282	-0.15567295	-0.23472933	-0.2902601	-0.09872441	0.510008	0.27030262	-0.117914446	-0.24505141	-0.20351873	0.21353742	-0.30661938	-0.008024324	-0.28259498	-0.09471324	0.13677303	0.09226333	-0.003894497	-0.11100243	-0.22629432	-0.0708495	-0.005660242	-0.13865377	0.0989785	0.16453862	0.6450907	0.10507924	0.005951339	-0.07936673	-0.05890386	-0.20400283	-0.13754432	-0.12114725	-0.28930253	-0.07315724	-0.08151181	-0.13936919	0.039274886	-0.17800257	0.28154004	-0.075114086	0.109065145	-0.035690725	-0.09255039	-0.22449192
RE.058	0.06809779	0.07584535	0.05381148	-0.25336882	-0.0014609937	-0.06943675	0.03345375	0.19008423	-0.08979346	-0.07894245	-0.11857561	-0.26517883	0.04373446	2.2239685	0.08685133	-0.12418895	-0.05541759	0.06545623	-0.07849981	0.07721955	-0.07372963	-0.07982479	0.14344674	-0.21396567	-0.14488794	-0.066588424	0.14796926	0.005253693	-0.025534451	4.781246E-4	0.2764824	-0.25822136	0.13366382	0.10818406	-0.096495844	-0.2030159	-0.072395734	-0.12174587	-0.08186977	0.08936279	-0.09384954	0.10688563	-0.078020506	-0.18468234	-0.13527271	0.02983049	-0.1630209	-0.004835497	-0.1888058	-0.1623583	0.0099952845	-0.0037901038	-0.21205029	0.13464631	-0.1413144	0.067342825	0.14763781	-0.10831156	0.12304557	-0.22757483	-0.13804509	0.03227143	-0.15301247	-0.02731936	-0.15418792	0.036971215	0.23760065
RE.074	-0.04095864	0.1653826	-0.08850833	0.03497041	-0.039051242	0.13595922	-0.014900516	-0.077002525	-0.14448889	-0.25628442	-0.22157612	-0.018329468	-0.24073489	0.08685133	2.221025	0.139387	-0.04994276	-0.094796546	-0.15802121	0.21644108	-0.09767176	0.0638852	0.0042623426	0.20708229	0.033191588	-0.21198627	-0.106371306	-0.16185746	-0.19057617	-0.112181455	0.08045359	-0.013370261	-0.15547192	-0.021968737	-0.10800196	0.29552552	-0.30541888	-0.18904644	-0.19564621	-0.044734914	0.10643934	-0.020811012	-0.06906943	0.07142955	-0.012758716	-0.13580684	-0.25274512	-0.20388193	-0.1799372	0.3341569	-0.09345048	0.12448935	-0.07668158	0.45200136	-0.13555764	0.086216465	0.11556266	-0.29065242	0.017218739	-0.2404436	0.3094021	-0.11135539	-0.1162334	-0.105995014	-0.025611838	0.021932745	0.10662451
RE.082	-0.08378622	-0.12936117	-0.064565524	-0.08140426	-0.18065149	-0.08343689	-0.18187681	-0.01753003	-0.13432059	-0.022488626	0.4383146	-0.20957197	-0.27480263	-0.12418895	0.139387	1.9544138	-0.06720643	0.015197128	0.23460154	-0.14273581	-0.054252446	0.040099822	-0.07516844	0.005962352	0.048852332	-0.06291033	-0.28879094	-0.4245387	-0.07939078	-0.445435	-0.14481772	0.1963948	-0.16178074	0.2774863	-0.11703143	0.4523877	0.0038718597	-0.13375133	-0.11194706	-0.2208148	0.053103443	0.022332799	0.5397865	0.13873863	-0.012690405	-0.04020972	0.12280827	-0.06215895	-0.12871397	-0.05457375	-0.11919556	-0.05145028	-0.16061206	0.12685882	-0.27112457	0.48643622	-0.15659516	-0.03823631	0.016110053	-0.2591068	0.26067984	-0.095060095	-0.0834351	0.07305274	-0.11027518	-0.06040577	0.17552325
RE.090	-0.0028965122	-0.09569641	0.06784549	-0.1719136	-0.004731821	0.07097729	0.25830048	0.04389044	0.0022775596	0.26313618	-9.6230564E-4	-0.19664024	0.09596206	-0.05541759	-0.04994276	-0.06720643	2.1396973	-0.09752463	0.028667727	0.12606066	0.08659104	-0.18193766	-0.09853439	-0.0029308405	-0.16668124	0.1144426	0.06892665	0.2392245	-0.04710807	-0.14896654	0.074901916	-0.24625555	0.06636962	-0.16876413	-0.10922671	-0.34202293	-0.22754753	0.23434418	0.059129093	0.17056702	0.39614078	-0.04430048	-0.123504266	-0.21605973	-0.12968473	-0.09363302	0.006889961	0.0018549169	0.34907126	0.03432403	-0.17024112	-0.05277827	-0.028937012	-0.14654863	-0.12285865	-0.28656355	-0.03015282	-0.060643908	-0.024892682	-0.04778612	-0.3544491	-0.12899613	-0.16536324	-0.12798344	0.29384446	-0.26837602	-0.18677649
RE.098	-0.24534889	-0.27579278	0.011294897	-0.070841715	0.075546764	-0.24182293	-0.1313081	-0.15743755	-0.29977223	0.005466465	0.045067035	-0.12794355	0.12848987	0.06545623	-0.094796546	0.015197128	-0.09752463	1.4541401	0.119756564	-0.17542545	0.6012019	-0.3535878	-0.08551079	0.17178124	-0.24377751	-0.15953058	-0.3593064	-0.11249825	0.36931702	-0.094534606	-0.3258514	-0.0628308	0.06587955	-0.12904961	-0.14866775	-0.061847	0.007120424	0.2619658	-0.041167762	0.06806267	0.058825906	-0.08779429	0.019182421	0.17266259	-0.05608763	0.12269109	-0.24316852	0.7520445	-0.060023338	-0.12652974	-0.110003576	0.42335907	-0.091245845	-0.3320839	-0.19981909	-0.07904578	-0.2561887	-0.22691935	-0.17538407	-0.12055225	-0.03210303	0.30905697	0.042533137	1.2877918	-0.21410911	-0.21563335	0.0689746
RE.051	-0.118811384	-0.3289433	-0.0032164329	-0.16025157	-0.05931704	-0.13742228	0.21659732	-0.18585956	-0.14491482	0.06325864	0.2933601	-0.08641106	-0.07182974	-0.07849981	-0.15802121	0.23460154	0.028667727	0.119756564	1.9122725	-0.12218264	0.014765439	-0.06871707	-0.096782	0.01719636	-0.014341399	0.09946459	-0.2188592	-0.07619339	-0.09212553	-0.17949457	-0.22689663	-0.03770447	-0.207684	0.1333189	-0.046643138	0.05143587	0.10651684	-0.17179856	0.028858943	-0.08207936	-0.011218841	-0.028100884	0.17483878	0.080437645	-0.004510647	0.051239956	0.13660024	-0.034832876	0.17059293	-0.096621506	-0.18112312	0.10036212	0.09975375	-0.0367458	-0.18201454	0.0254411	-0.30235037	0.17481856	-0.20791258	-0.06301262	0.13834979	0.17305847	-0.13117145	0.045106083	-0.09358954	-0.11081837	-0.03164747
RE.059	0.04474305	-0.0025335127	-0.006380961	-0.15899903	-0.04221796	0.07038788	-0.11162313	-0.059265215	0.045950595	-0.18579704	-0.23193789	0.121983804	-0.07218676	0.07721955	0.21644108	-0.14273581	0.12606066	-0.17542545	-0.12218264	2.054427	-0.06166923	0.02453564	-0.014724845	0.06980915	-0.13741975	0.0030087628	0.0453266	-0.024952086	-0.103173085	-0.069036394	0.07628556	-0.17866209	-0.07399586	-0.10935947	-0.16447775	-0.07370834	-0.1183354	0.23376639	-0.0798532	-0.043794993	0.21867673	0.03920947	-0.27678406	-0.08976685	-0.014472874	-0.057410568	-0.23590441	-0.01848284	-0.14711967	0.1580921	0.06252369	0.07581755	-0.17311788	0.16339311	-0.18171097	-0.38670722	0.34123632	0.089504	0.08620542	0.019099927	-0.024816995	-0.0048854775	-0.08976315	-0.18227124	0.13363458	0.014511188	-0.16418673
RE.075	-0.006661344	-0.26500615	-0.0061654397	0.080560125	-0.05670918	-0.10564571	-0.077474326	-0.14712973	-0.1874549	0.042855695	-0.06390756	-0.07474864	0.01745616	-0.07372963	-0.09767176	-0.054252446	0.08659104	0.6012019	0.014765439	-0.06166923	1.6536951	-0.28839943	-0.07080008	0.35207212	-0.15018934	-0.10502728	-0.22690104	-0.004661929	0.20843536	-0.09946684	-0.3698365	-0.0073596127	0.02400469	-0.095330134	-0.090299085	-0.18683422	-0.124725804	0.17023416	-0.05378625	0.24605492	0.11378091	-0.19197136	-0.08168894	0.14988163	-0.1554448	-0.024740001	-0.10220482	0.32188052	0.1346112	-0.08144061	-0.008961337	0.3066342	-0.11235579	-0.36920562	-0.2062704	-0.28866887	-0.06320624	-0.08754341	-0.15257129	0.058381047	-0.06671619	0.0022767028	0.029017556	0.5525008	0.06793987	-0.026534405	-0.06346413
RE.083	0.1840158	0.053747807	-0.1151779	-0.14541198	-0.052792076	0.057678137	-0.19698969	0.13354601	0.11680323	-0.122805595	0.025340648	-0.06471622	-0.23612508	-0.07982479	0.0638852	0.040099822	-0.18193766	-0.3535878	-0.06871707	0.02453564	-0.28839943	2.1765945	-0.121379286	-0.15669085	0.089485765	0.7508903	-0.013429828	-0.13738817	-0.14628263	-0.091439895	0.17923181	-0.07960954	-0.21255156	0.26126522	-0.13655764	0.39153585	0.18607002	-0.23080145	0.055130165	-0.1572097	-0.16582945	-0.1612081	0.5793929	-0.16554803	0.026985986	-0.2065106	0.07109593	-0.2559972	0.019274076	-0.038310416	-0.16594245	-0.26942527	-0.0013354234	0.05842708	-0.036225043	0.37375188	-0.20830667	0.33776546	-0.1711398	-0.10581845	-0.119684964	-0.013223276	-0.25364015	-0.29148808	-0.072534025	-0.08970036	-0.07485687
RE.091	-0.002091646	0.058219768	-0.017074024	0.041873347	-0.10933279	0.011338634	-0.23553877	-0.0010549917	-0.040593036	-0.022673912	-0.1803183	0.03163271	0.030966282	0.14344674	0.0042623426	-0.07516844	-0.09853439	-0.08551079	-0.096782	-0.014724845	-0.07080008	-0.121379286	2.1545413	-0.12025543	0.16123304	-0.10523435	0.15569714	-0.03575195	-0.10863844	0.083216816	0.11915908	0.0032263913	-0.08423163	-0.06657417	-0.10117392	-0.098510236	-0.09412535	0.11640438	0.034307335	-0.21991552	-0.10603708	0.0058075725	-0.29983526	-0.24478455	-0.10594283	-0.06270351	-0.14150983	-0.12230781	-0.16831405	-0.06131096	0.05000544	-0.17225575	0.031018749	0.121957995	0.14180663	-0.080548726	0.2889406	-0.11590394	0.06584663	0.008093236	0.19637187	-0.10692264	-0.09360382	-0.102725565	-0.13008516	0.24935275	0.01205379
RE.099	-0.15198055	-0.31402937	0.106878564	0.107120365	0.062486783	-0.22276905	0.1727605	-0.24840906	-0.11865583	0.012221007	-0.05869708	-0.09055203	-0.15567295	-0.21396567	0.20708229	0.005962352	-0.0029308405	0.17178124	0.01719636	0.06980915	0.35207212	-0.15669085	-0.12025543	1.6585445	-0.121333145	-0.18095839	-0.22257797	-0.12744403	-0.017318752	-0.3843405	-0.20815454	0.18419962	-0.09473106	-0.12571898	-0.114580065	-0.1311821	-0.25229928	0.15285012	-0.049463294	-0.06659238	0.10223547	-0.09414704	-0.09995386	0.1481005	-0.050542217	0.0040924135	-0.098178945	0.11287132	0.5033602	0.9791525	-0.28018323	0.21849027	-0.18440029	0.09428083	-0.29329294	-0.1824423	-0.20615456	-0.15861204	-0.095778234	-0.005790767	0.08117268	-0.06224379	0.059585124	0.16542149	0.07869374	-0.08077224	0.015373927
RE.052	0.19456314	-0.026101304	-0.24665363	0.2955782	-0.26285413	0.006233756	-0.21658064	0.06633577	-0.017569305	-0.1917309	-0.16749232	0.20134994	-0.23472933	-0.14488794	0.033191588	0.048852332	-0.16668124	-0.24377751	-0.014341399	-0.13741975	-0.15018934	0.089485765	0.16123304	-0.121333145	1.8275154	-0.17543483	0.18096958	-0.18631957	-0.24542613	0.17459647	0.15875702	0.36853194	-0.33438653	-0.0017712337	0.27953303	0.45668662	-0.057510417	-0.19428743	-0.31979862	-0.13557944	-0.44699246	0.10302636	-0.31092066	0.04399342	0.26793444	-0.23091246	-0.14942767	-0.29031116	-0.24900733	0.06599909	0.25911066	-0.29133147	-0.03581513	0.30587298	0.07664527	-0.04409762	-0.028938657	-0.027467934	0.07314882	0.23942274	0.78667605	-0.29777446	-0.09962087	-0.25382406	-0.13306898	0.2834868	-0.16636333
RE.068	0.15748765	-0.22901614	-0.17903636	-0.111512184	-0.19486704	0.0017299736	-0.041316643	0.4653068	0.065061666	-0.09000269	0.04521567	-0.09935746	-0.2902601	-0.066588424	-0.21198627	-0.06291033	0.1144426	-0.15953058	0.09946459	0.0030087628	-0.10502728	0.7508903	-0.10523435	-0.18095839	-0.17543483	2.1398506	-0.10049881	-0.10332961	0.006147313	-0.09583661	0.15988712	-0.032245338	-0.070882335	0.44896197	-0.07723616	-0.010458208	0.12007718	-0.09238222	0.26536852	0.07898294	0.043267757	-0.09395747	0.5867319	-0.15582204	-0.13953449	-0.11298994	-0.017484965	-0.2621953	-0.118360735	-0.25846773	-0.11498904	-0.14858802	0.059312835	-0.27491713	-0.08843916	0.35469744	-0.26420137	0.28938872	-0.20099333	-0.08027019	-0.34577483	0.22603786	-0.24204984	-0.10010583	-0.14767738	-0.22950147	-0.19909231
RE.076	0.16234717	0.30969226	-0.12908575	-0.009968896	-0.05485928	0.23020461	-0.19162756	0.060553942	0.20522049	-0.21081932	-0.2273979	0.40391248	-0.09872441	0.14796926	-0.106371306	-0.28879094	0.06892665	-0.3593064	-0.2188592	0.0453266	-0.22690104	-0.013429828	0.15569714	-0.22257797	0.18096958	-0.10049881	2.3536189	-0.050041504	-0.39492747	0.18260272	0.35504228	-0.16618724	0.056719497	-0.1494323	0.12592895	-0.10883826	-0.15769689	-0.18701257	-0.13191034	0.018873096	-0.22645974	0.27535903	-0.32429895	-0.30175805	0.055786982	-0.28510582	0.058385104	-0.3349006	-0.25266877	-0.17654574	0.12615128	-0.34308687	-0.023973314	0.0964583	0.1267597	-0.086548254	0.40405214	-0.116976865	0.2666244	0.10261207	-0.025454624	-0.27159157	0.032501016	-0.41252676	-0.12137314	0.4508975	0.04934091
RE.084	-0.2284444	-0.15576884	0.30365014	-0.08898765	0.2533806	-0.08997185	0.103146605	-0.07338784	0.08542287	0.34827426	-0.054050446	-0.050566513	0.510008	0.005253693	-0.16185746	-0.4245387	0.2392245	-0.11249825	-0.07619339	-0.024952086	-0.004661929	-0.13738817	-0.03575195	-0.12744403	-0.18631957	-0.10332961	-0.050041504	2.3270233	0.059663463	-0.03580723	-0.056068853	-0.17622319	0.106518395	-0.28124744	-0.088353276	-0.14822859	-0.12581097	0.30524838	0.050382923	0.13062093	0.032484785	-0.14723922	-0.0842524	-0.051228173	-0.22095175	0.07399916	0.069587484	0.22837026	0.20099586	-0.02566968	-0.20764783	0.042765096	-0.036890656	-0.1952125	-0.09330866	-0.36781427	-0.054904006	-0.05813505	-0.112014055	-0.09709426	-0.18818179	-0.02770446	-0.1394251	-0.124933764	0.04628258	0.03154058	-0.22334212
RE.092	-0.20638186	-0.26670784	0.0656087	-0.13589102	0.17415163	-0.33717418	-0.069905095	-0.05599714	-0.04786661	0.27666578	0.020416457	-0.097221896	0.27030262	-0.025534451	-0.19057617	-0.07939078	-0.04710807	0.36931702	-0.09212553	-0.103173085	0.20843536	-0.14628263	-0.10863844	-0.017318752	-0.24542613	0.006147313	-0.39492747	0.059663463	1.669284	-0.18566822	-0.30710697	-0.07757257	0.65482306	-0.13016534	-0.181648	-0.16517127	-0.073201835	0.18872078	0.006095112	-0.08757511	-0.060612008	-0.23307541	0.049430493	-0.0108168945	-0.067874335	0.23541114	0.008560565	0.4849058	0.07597041	0.08738273	-0.061390165	0.13430157	-0.1672777	-0.24448018	-0.20318697	-0.17228484	-0.2396791	0.088399105	-0.14161137	0.001820102	-0.10347252	0.2325795	0.058938958	0.39587116	0.030258682	-0.16863513	-0.10330932
RE.053	-0.020805301	0.46199453	-0.21575913	0.31169593	-0.19340496	0.15893055	-0.15224446	0.010837904	0.20467764	-0.19125336	-0.20291261	0.11782558	-0.117914446	4.781246E-4	-0.112181455	-0.445435	-0.14896654	-0.094534606	-0.17949457	-0.069036394	-0.09946684	-0.091439895	0.083216816	-0.3843405	0.17459647	-0.09583661	0.18260272	-0.03580723	-0.18566822	2.1813874	0.24633414	-0.09233055	0.21587102	-0.12211951	0.34725004	-0.14851247	0.10710207	-0.13787474	-0.19439968	0.23192278	-0.12056195	0.03622399	-0.32017702	-0.12608643	-0.13725975	-0.018994948	-0.04045773	-0.24615392	-0.26549262	-0.3985438	0.30284497	-0.2217911	0.22179984	-0.1543337	0.55014825	-0.18734427	0.079035126	-0.0628465	-0.08794464	0.19077392	-0.18307592	-0.17448999	0.3847034	-0.15629055	-0.18948631	0.059100524	-0.03828284
RE.077	0.2638089	0.20397824	-0.16798325	-0.023873787	-0.16360204	0.36116573	-0.1942307	0.07237051	-0.035476338	-0.15358621	-0.23097172	-0.054584526	-0.24505141	0.2764824	0.08045359	-0.14481772	0.074901916	-0.3258514	-0.22689663	0.07628556	-0.3698365	0.17923181	0.11915908	-0.20815454	0.15875702	0.15988712	0.35504228	-0.056068853	-0.30710697	0.24633414	2.3918805	0.044611942	0.09933155	0.3077784	-0.22636394	0.014322512	-0.17258339	-0.18227074	0.0054651774	-0.06330255	-0.116358526	0.125082	-0.248333	-0.026200887	0.08684971	-0.081998475	-0.43533355	-0.41118085	-0.22361898	-0.11106672	-0.11475655	-0.26706657	0.048894953	0.23543131	0.05698725	0.009739918	0.08104806	-0.23492327	0.19159968	-0.21896783	0.062385727	0.04567575	-0.35167223	-0.26104674	-0.07636435	0.06870013	0.22785932
RE.085	0.053620584	-0.0121155325	-0.1907986	0.7165353	-0.17871147	-0.29474273	-0.0693716	0.022399828	-0.13978139	-0.20622452	0.042375784	-0.20610432	-0.20351873	-0.25822136	-0.013370261	0.1963948	-0.24625555	-0.0628308	-0.03770447	-0.17866209	-0.0073596127	-0.07960954	0.0032263913	0.18419962	0.36853194	-0.032245338	-0.16618724	-0.17622319	-0.07757257	-0.09233055	0.044611942	1.7682035	-0.06647821	0.0074992096	-0.14197059	0.3148025	-0.2368395	-0.087075956	-0.09745819	0.029533306	-0.14353652	-0.06745422	-0.09710656	0.3482194	0.079952516	-0.15053089	-0.12851083	-0.1889325	-0.0602588	0.16217828	-0.13615143	-0.09724662	-0.16289957	0.108329594	-0.12585671	0.28802925	-0.2031331	-0.17565513	-0.018275058	-0.07921704	0.6076766	0.052137047	-0.15449335	-0.04321467	-0.10063884	0.16142434	0.13299331
RE.093	-0.13072686	0.013971151	-0.0035534396	-0.07690734	0.16537638	-0.20547721	-0.097564004	-0.058761578	-0.09440931	0.16730611	-0.06812801	-0.1494059	0.21353742	0.13366382	-0.15547192	-0.16178074	0.06636962	0.06587955	-0.207684	-0.07399586	0.02400469	-0.21255156	-0.08423163	-0.09473106	-0.33438653	-0.070882335	0.056719497	0.106518395	0.65482306	0.21587102	0.09933155	-0.06647821	2.14487	-0.1655307	-0.2521403	-0.3854438	-0.20765106	3.094679E-4	0.025214609	0.08159485	-0.12276942	-0.024482308	-0.045023788	-0.1121969	-0.10629165	0.1374357	0.16783474	0.17258836	-0.06692813	-0.01135917	-0.08136685	0.07314192	-0.29682565	-0.22296932	-0.07498106	-0.18946622	-0.008772219	-0.08811424	0.09036017	0.10205488	-0.32422906	0.08281243	0.03001264	0.02325522	0.104705304	-0.15646553	0.07057255
RE.054	0.2535475	-0.16040568	-0.12855034	-0.019328754	-0.3893711	-0.17259401	-0.16935055	0.27009028	-0.1135391	-0.17302847	-0.044589132	-0.028703686	-0.30661938	0.10818406	-0.021968737	0.2774863	-0.16876413	-0.12904961	0.1333189	-0.10935947	-0.095330134	0.26126522	-0.06657417	-0.12571898	-0.0017712337	0.44896197	-0.1494323	-0.28124744	-0.13016534	-0.12211951	0.3077784	0.0074992096	-0.1655307	2.0154421	-0.11666424	0.054501027	0.05268982	-0.26104537	0.035064213	-0.1774792	0.238792	0.19754009	0.27936995	-0.11585561	-0.042948823	-0.010389017	-0.13602598	-0.33195874	-0.09181537	-0.27754027	0.09184095	-0.07352483	0.10700643	9.97793E-4	-0.1624742	0.22909735	-0.029330919	0.0974643	-0.021383151	-0.23635268	-0.041036703	-0.03529897	-0.06891207	-0.068902574	-0.11771012	-0.057831176	0.27965343
RE.062	-0.11487727	0.17112249	-0.18641725	0.09151684	-0.103834674	-0.08504536	0.088884905	-0.12654763	0.114773795	-0.1277074	0.18631105	0.37991393	-0.008024324	-0.096495844	-0.10800196	-0.11703143	-0.10922671	-0.14866775	-0.046643138	-0.16447775	-0.090299085	-0.13655764	-0.10117392	-0.114580065	0.27953303	-0.07723616	0.12592895	-0.088353276	-0.181648	0.34725004	-0.22636394	-0.14197059	-0.2521403	-0.11666424	1.9227011	0.038332544	0.47264978	-0.22452237	-0.2775679	0.12207182	-0.20174867	0.3245538	-0.07140782	-0.046618827	-0.006043364	-0.07633662	0.15747392	-0.18039884	-0.11219112	-0.08221018	0.2728881	-0.38445213	0.3030235	-0.16121219	0.44763917	-0.01555799	-0.2587212	0.02054332	-0.26839525	0.36372668	-0.07146735	-0.2218875	0.27762496	-0.19363861	-0.16853335	-0.08499331	-0.3305727
RE.078	-0.004814841	-0.03091725	-0.2877955	0.18602729	-0.13547666	-0.11418439	-0.11339259	0.12913114	-0.16148773	-0.25899205	-0.14901409	-0.094353184	-0.28259498	-0.2030159	0.29552552	0.4523877	-0.34202293	-0.061847	0.05143587	-0.07370834	-0.18683422	0.39153585	-0.098510236	-0.1311821	0.45668662	-0.010458208	-0.10883826	-0.14822859	-0.16517127	-0.14851247	0.014322512	0.3148025	-0.3854438	0.054501027	0.038332544	1.8125616	-0.034673344	-0.23969813	-0.17378205	-0.26015583	-0.20432663	-0.15451144	0.5712275	0.2381964	0.6246502	-0.10471901	-0.29178688	-0.11023456	-0.2927617	0.090626985	-0.22142375	-0.24682239	-0.12919578	0.19598348	-0.21776946	0.5780222	-0.19523332	0.09289147	-0.11748154	-0.20395875	0.8474305	-0.13051659	-0.23796855	-0.0027841553	-0.21602693	0.29217494	-0.24582577
RE.086	-0.21854632	0.06835371	-0.08061799	-0.05738879	-0.1852153	0.046538282	-0.10745767	-0.054164458	0.30056638	-0.15339875	0.17528771	0.018938782	-0.09471324	-0.072395734	-0.30541888	0.0038718597	-0.22754753	0.007120424	0.10651684	-0.1183354	-0.124725804	0.18607002	-0.09412535	-0.25229928	-0.057510417	0.12007718	-0.15769689	-0.12581097	-0.073201835	0.10710207	-0.17258339	-0.2368395	-0.20765106	0.05268982	0.47264978	-0.034673344	1.8833344	-0.23568556	0.079064004	0.04388101	-0.18737675	0.0722808	0.24506786	-0.08161388	-0.14291938	0.08581426	0.17925306	-0.12889238	-0.2704725	-0.2981014	0.020362196	-0.038700745	0.38940263	-0.0357633	0.5528805	0.11977985	-0.37413782	0.20558259	-0.11534109	0.0033189172	-0.15970047	-0.11532247	0.1345265	-0.027623834	-0.09703661	-0.091243744	-0.068081334
RE.094	-0.03506501	-0.2728399	0.26702422	-0.17182761	0.13634616	-0.10493393	0.18703665	-0.121892646	-0.08331241	0.09719759	-0.043415077	-0.03654628	0.13677303	-0.12174587	-0.18904644	-0.13375133	0.23434418	0.2619658	-0.17179856	0.23376639	0.17023416	-0.23080145	0.11640438	0.15285012	-0.19428743	-0.09238222	-0.18701257	0.30524838	0.18872078	-0.13787474	-0.18227074	-0.087075956	3.094679E-4	-0.26104537	-0.22452237	-0.23969813	-0.23568556	1.8404759	0.019176591	-0.1361448	0.25835308	-0.22390062	-0.2257252	-0.053380582	-0.044651363	0.10731039	-0.1714085	0.27559495	0.3175974	0.15079217	-0.08860972	0.12943658	-0.10393942	-0.184069	-0.28019345	-0.41114882	0.06119396	-0.0036990603	-0.0060624434	0.0175521	-0.18868603	0.023719281	-0.113535054	0.2760203	0.06803682	-0.09514365	-0.14435227
RE.102	-0.031716805	-0.2546268	-0.07361256	-0.15174694	-0.018266859	-0.041133657	0.19857915	0.08284886	-0.07353166	0.10369555	0.06856472	-0.16653089	0.09226333	-0.08186977	-0.19564621	-0.11194706	0.059129093	-0.041167762	0.028858943	-0.0798532	-0.05378625	0.055130165	0.034307335	-0.049463294	-0.31979862	0.26536852	-0.13191034	0.050382923	0.006095112	-0.19439968	0.0054651774	-0.09745819	0.025214609	0.035064213	-0.2775679	-0.17378205	0.079064004	0.019176591	2.0688334	-0.026216557	0.12629402	0.010171195	0.44289988	-0.041459292	-0.21837054	0.048252743	0.09432885	0.013969774	0.0885878	-0.09721846	-0.2203443	0.051694058	-0.037550416	-0.123640604	-0.13792026	0.15654075	-0.086902216	0.026040634	-0.068440214	-0.1248523	-0.30316043	0.26136622	-0.27529103	-4.7583677E-4	-0.012386844	-0.054626882	-0.14951399
RE.047	0.052321423	0.11543322	-0.1397605	0.17804849	-0.034477264	-0.08334045	0.030565944	-0.25843564	0.017387295	-0.18877892	-0.018599765	-0.11392418	-0.003894497	0.08936279	-0.044734914	-0.2208148	0.17056702	0.06806267	-0.08207936	-0.043794993	0.24605492	-0.1572097	-0.21991552	-0.06659238	-0.13557944	0.07898294	0.018873096	0.13062093	-0.08757511	0.23192278	-0.06330255	0.029533306	0.08159485	-0.1774792	0.12207182	-0.26015583	0.04388101	-0.1361448	-0.026216557	2.0456307	0.10607806	-0.04132995	-0.08789134	0.027369753	-0.26298195	-0.13509141	-0.037629027	-0.083303116	-0.19658916	-0.2891958	0.051782105	0.36953002	0.12368621	-0.13411336	0.15782163	-0.06943773	-0.1409257	-0.080501266	-0.04374187	-0.00543347	-0.13944352	0.016803179	0.11436869	0.027654927	-0.11802774	-0.23495042	-0.082616255
RE.055	-0.23541796	-0.1350994	0.017570708	0.048946615	-0.11344674	0.10151953	0.2307459	0.011249034	-0.09291558	-0.12634827	-0.04070939	-0.17388345	-0.11100243	-0.09384954	0.10643934	0.053103443	0.39614078	0.058825906	-0.011218841	0.21867673	0.11378091	-0.16582945	-0.10603708	0.10223547	-0.44699246	0.043267757	-0.22645974	0.032484785	-0.060612008	-0.12056195	-0.116358526	-0.14353652	-0.12276942	0.238792	-0.20174867	-0.20432663	-0.18737675	0.25835308	0.12629402	0.10607806	1.9386184	-0.031308696	-0.063210174	0.03169596	-0.10407454	0.01977667	-0.091047116	-0.048966274	0.17589618	-0.10279445	-0.043447312	0.18739691	0.035536926	-0.11265651	-0.17504302	-0.18195944	-0.109327115	-0.004240859	-0.12120003	-0.11675074	-0.20990409	0.09962263	-0.006610757	0.084472984	0.2063087	-0.28833637	0.0035493926
RE.071	-0.021280387	0.045138355	-0.14063863	0.075308666	-0.23946843	0.09742268	-0.18910088	-0.012489209	-0.049846236	-0.26973936	-0.11154091	0.11567383	-0.22629432	0.10688563	-0.020811012	0.022332799	-0.04430048	-0.08779429	-0.028100884	0.03920947	-0.19197136	-0.1612081	0.0058075725	-0.09414704	0.10302636	-0.09395747	0.27535903	-0.14723922	-0.23307541	0.03622399	0.125082	-0.06745422	-0.024482308	0.19754009	0.3245538	-0.15451144	0.0722808	-0.22390062	0.010171195	-0.04132995	-0.031308696	1.904382	0.0061089024	-0.14165805	-0.10545135	-0.057013173	0.06248532	-0.18739837	-0.20497994	-0.18424052	0.026521986	0.05825081	0.1082819	0.05508931	-0.0036278968	0.102687776	0.09925536	-0.01381718	0.02396085	0.10265871	-0.2416897	-0.098522544	-0.016092438	-0.05618853	-0.12426857	-0.13253537	0.27177513
RE.079	-0.19398378	-0.123540185	-0.21604832	-0.183983	-0.1324491	-0.098752625	0.06113726	-0.05686683	-0.2009849	0.08236011	0.29384023	-0.30016857	-0.0708495	-0.078020506	-0.06906943	0.5397865	-0.123504266	0.019182421	0.17483878	-0.27678406	-0.08168894	0.5793929	-0.29983526	-0.09995386	-0.31092066	0.5867319	-0.32429895	-0.0842524	0.049430493	-0.32017702	-0.248333	-0.09710656	-0.045023788	0.27936995	-0.07140782	0.5712275	0.24506786	-0.2257252	0.44289988	-0.08789134	-0.063210174	0.0061089024	1.9875878	0.06621137	-0.1018442	-0.0032987231	0.18681511	0.018534202	-0.09890554	-0.23665188	-0.3940162	-0.0017075045	0.04112601	-0.23665501	-0.12712298	1.1263351	-0.399087	0.2651856	-0.3297617	-0.24789855	-0.28872207	0.18823056	-0.28055188	0.072351255	-0.21511002	-0.31406313	-0.12352529
RE.087	-0.20701975	-0.30715808	-0.20512152	0.15894333	-0.046418313	-0.26352936	0.15161438	-0.274758	-0.15902166	-0.13718499	0.54353565	-0.020182088	-0.005660242	-0.18468234	0.07142955	0.13873863	-0.21605973	0.17266259	0.080437645	-0.08976685	0.14988163	-0.16554803	-0.24478455	0.1481005	0.04399342	-0.15582204	-0.30175805	-0.051228173	-0.0108168945	-0.12608643	-0.026200887	0.3482194	-0.1121969	-0.11585561	-0.046618827	0.2381964	-0.08161388	-0.053380582	-0.041459292	0.027369753	0.03169596	-0.14165805	0.06621137	1.6505108	0.055339877	-0.022477206	0.1432295	0.11414248	0.0030332708	0.06696744	-0.18714415	0.042675365	-0.06570765	-0.063129015	-0.1218709	-0.011385747	-0.41956112	-0.017240936	-0.17267753	-0.020259393	0.4328437	0.31077772	-0.15052114	0.17659725	-0.16874065	-0.0599281	-0.09491255
RE.095	0.17517836	-0.08527515	-0.08798376	0.113424376	-0.08184492	-0.039512303	-0.07073425	-0.025065845	-0.07707062	-0.12550141	-0.114521034	0.009954596	-0.13865377	-0.13527271	-0.012758716	-0.012690405	-0.12968473	-0.05608763	-0.004510647	-0.014472874	-0.1554448	0.026985986	-0.10594283	-0.050542217	0.26793444	-0.13953449	0.055786982	-0.22095175	-0.067874335	-0.13725975	0.08684971	0.079952516	-0.10629165	-0.042948823	-0.006043364	0.6246502	-0.14291938	-0.044651363	-0.21837054	-0.26298195	-0.10407454	-0.10545135	-0.1018442	0.055339877	1.6525831	-0.09544047	-0.21822357	-0.061675306	0.025125507	0.063726544	0.02805974	-0.1965517	-0.052595932	0.020657573	-0.20386839	-0.013819854	0.026584854	0.10151565	0.0016203865	-0.038037255	0.4503156	-0.09049923	-0.04309792	-0.028129656	0.31834182	0.20282108	-0.12070134
RE.002	-0.14127313	-0.11358272	0.1727217	-0.18948744	0.09121206	-0.014928511	0.0088238865	0.02001519	-0.029256713	0.09211325	-0.08537021	-0.1618043	0.0989785	0.02983049	-0.13580684	-0.04020972	-0.09363302	0.12269109	0.051239956	-0.057410568	-0.024740001	-0.2065106	-0.06270351	0.0040924135	-0.23091246	-0.11298994	-0.28510582	0.07399916	0.23541114	-0.018994948	-0.081998475	-0.15053089	0.1374357	-0.010389017	-0.07633662	-0.10471901	0.08581426	0.10731039	0.048252743	-0.13509141	0.01977667	-0.057013173	-0.0032987231	-0.022477206	-0.09544047	1.7619576	-0.14360495	0.17974715	-0.09148195	-0.0011478935	-0.033052094	0.105125956	-0.0134791285	-0.09207817	-0.079223186	-0.028323308	-0.09434234	0.05451121	-0.003270288	-0.08345526	-0.12561253	0.10683091	-0.069331065	0.14908858	-0.096921876	-0.08208612	0.022445185
RE.003	-0.29827872	-0.13934976	-0.030796692	-0.17172329	0.107903115	-0.19336401	0.11496974	-0.04785047	0.062854454	0.10256274	0.92652863	-0.035540383	0.16453862	-0.1630209	-0.25274512	0.12280827	0.006889961	-0.24316852	0.13660024	-0.23590441	-0.10220482	0.07109593	-0.14150983	-0.098178945	-0.14942767	-0.017484965	0.058385104	0.069587484	0.008560565	-0.04045773	-0.43533355	-0.12851083	0.16783474	-0.13602598	0.15747392	-0.29178688	0.17925306	-0.1714085	0.09432885	-0.037629027	-0.091047116	0.06248532	0.18681511	0.1432295	-0.21822357	-0.14360495	2.1533995	0.0013998392	0.06923601	0.025597274	-0.12320191	-0.16498515	0.008994875	-0.09129959	0.027217276	0.11622616	-0.15126657	-0.0063789096	-0.19329853	0.06132901	-0.28837252	-0.0498777	0.08090741	-0.27684265	-0.012962341	-0.1552247	0.039274614
RE.004	-0.37835285	-0.46499494	0.16725424	-0.18888739	0.40266103	-0.36871538	0.07391216	-0.14225751	-0.23689425	0.44183558	0.0046610045	-0.14868896	0.6450907	-0.004835497	-0.20388193	-0.06215895	0.0018549169	0.7520445	-0.034832876	-0.01848284	0.32188052	-0.2559972	-0.12230781	0.11287132	-0.29031116	-0.2621953	-0.3349006	0.22837026	0.4849058	-0.24615392	-0.41118085	-0.1889325	0.17258836	-0.33195874	-0.18039884	-0.11023456	-0.12889238	0.27559495	0.013969774	-0.083303116	-0.048966274	-0.18739837	0.018534202	0.11414248	-0.061675306	0.17974715	0.0013998392	1.6370806	0.1274431	0.14032713	-0.2352998	0.26853374	-0.26311454	-0.2895543	-0.35704798	-0.20896432	-0.24551517	-0.043696415	-0.16120394	-0.08207032	-0.12283821	0.39890906	-0.053704422	0.82649994	-0.008083541	-0.11500861	-0.1282199
RE.005	-0.0238994	-0.2476608	0.30304524	-0.16828063	0.12646727	-0.06491417	0.5832511	-0.16462135	-0.06674161	0.46102098	0.0649777	-0.037168603	0.10507924	-0.1888058	-0.1799372	-0.12871397	0.34907126	-0.060023338	0.17059293	-0.14711967	0.1346112	0.019274076	-0.16831405	0.5033602	-0.24900733	-0.118360735	-0.25266877	0.20099586	0.07597041	-0.26549262	-0.22361898	-0.0602588	-0.06692813	-0.09181537	-0.11219112	-0.2927617	-0.2704725	0.3175974	0.0885878	-0.19658916	0.17589618	-0.20497994	-0.09890554	0.0030332708	0.025125507	-0.09148195	0.06923601	0.1274431	1.8898568	0.5357721	-0.26876786	0.018826831	-0.087483585	-0.2645884	-0.2523663	-0.3352705	-0.1860566	-0.080147095	-0.30240557	-0.04735179	-0.28861028	-0.09699522	0.13575041	-0.02472232	0.30760804	-0.23564579	-0.080307126
